0001	0001
0002	0002
0003	0003
0004	0004
0005	0005
0006	0006
0007	0007
0008	0008
0009	0009
0010	0010
0011	0011
0012	0012
0013	0013
0014	0014
0015	0015
0016	0016
0017	0017
0018	0018
0019	0019
0020	0020
0021	0021
0022	0022
0023	0023
0024	0024
0025	0025
0026	0026
0027	0027
0028	0028
0029	0029
0030	0030
0031	0031
0032	0032
0033	0033
0034	0034
0035	0035
0036	0036
0037	0037
0038	0038
0039	0039
0040	0040
0041	0041
0042	0042
0043	0043
0044	0044
0045	0045
0046	0046
0047	0047
0048	0048
0049	0049
0050	0050
0051	0051
0052	0052
0053	0053
0054	0054
0055	0055
0056	0056
0057	0057
0058	0058
0059	0059
0060	0060
0061	0061
0062	0062
0063	0063
0064	0064
0065	0065
0066	0066
0067	0067
0068	0068
0069	0069
0070	0070
0071	0071
0072	0072
0073	0073
0074	0074
0075	0075
0076	0076
0077	0077
0078	0078
0079	0079
0080	0080
0081	0081
0082	0082
0083	0083
0084	0084
0085	0085
0086	0086
0087	0087
0088	0088
0089	0089
0090	0090
0091	0091
0092	0092
0093	0093
0094	0094
0095	0095
0096	0096
0097	0097
0098	0098
0099	0099
00100	00100
00101	00101
00102	00102
00103	00103
00104	00104
00105	00105
00106	00106
00107	00107
00108	00108
00109	00109
00110	00110
00111	00111
00112	00112
00113	00113
00114	00114
00115	00115
00116	00116
00117	00117
00118	00118
00119	00119
00120	00120
00121	00121
00122	00122
00123	00123
00124	00124
00125	00125
00126	00126
00127	00127
00128	00128
00129	00129
00130	00130
00131	00131
00132	00132
00133	00133
00134	00134
00135	00135
00136	00136
00137	00137
00138	00138
00139	00139
00140	00140
00141	00141
00142	00142
00143	00143
00144	00144
00145	00145
00146	00146
00147	00147
00148	00148
00149	00149
00150	00150
00151	00151
00152	00152
00153	00153
00154	00154
00155	00155
00156	00156
00157	00157
00158	00158
00159	00159
00160	00160
00161	00161
00162	00162
00163	00163
00164	00164
00165	00165
00166	00166
00167	00167
00168	00168
00169	00169
00170	00170
00171	00171
00172	00172
00173	00173
00174	00174
00175	00175
00176	00176
00177	00177
00178	00178
00179	00179
00180	00180
00181	00181
00182	00182
00183	00183
00184	00184
00185	00185
00186	00186
00187	00187
00188	00188
00189	00189
00190	00190
00191	00191
00192	00192
00193	00193
00194	00194
00195	00195
00196	00196
00197	00197
00198	00198
00199	00199
00200	00200
00201	00201
00202	00202
00203	00203
00204	00204
00205	00205
00206	00206
00207	00207
00208	00208
00209	00209
00210	00210
00211	00211
00212	00212
00213	00213
00214	00214
00215	00215
00216	00216
00217	00217
00218	00218
00219	00219
00220	00220
00221	00221
00222	00222
00223	00223
00224	00224
00225	00225
00226	00226
00227	00227
00228	00228
00229	00229
00230	00230
00231	00231
00232	00232
00233	00233
00234	00234
00235	00235
00236	00236
00237	00237
00238	00238
00239	00239
00240	00240
00241	00241
00242	00242
00243	00243
00244	00244
00245	00245
00246	00246
00247	00247
00248	00248
00249	00249
00250	00250
00251	00251
00252	00252
00253	00253
00254	00254
00255	00255
00256	00256
00257	00257
00258	00258
00259	00259
00260	00260
00261	00261
00262	00262
00263	00263
00264	00264
00265	00265
00266	00266
00267	00267
00268	00268
00269	00269
00270	00270
00271	00271
00272	00272
00273	00273
00274	00274
00275	00275
00276	00276
00277	00277
00278	00278
00279	00279
00280	00280
00281	00281
00282	00282
00283	00283
00284	00284
00285	00285
00286	00286
00287	00287
00288	00288
00289	00289
00290	00290
00291	00291
00292	00292
00293	00293
00294	00294
00295	00295
00296	00296
00297	00297
00298	00298
00299	00299
00300	00300
00301	00301
00302	00302
00303	00303
00304	00304
00305	00305
00306	00306
00307	00307
00308	00308
00309	00309
00310	00310
00311	00311
00312	00312
00313	00313
00314	00314
00315	00315
00316	00316
00317	00317
00318	00318
00319	00319
00320	00320
00321	00321
00322	00322
00323	00323
00324	00324
00325	00325
00326	00326
00327	00327
00328	00328
00329	00329
00330	00330
00331	00331
00332	00332
00333	00333
00334	00334
00335	00335
00336	00336
00337	00337
00338	00338
00339	00339
00340	00340
00341	00341
00342	00342
00343	00343
00344	00344
00345	00345
00346	00346
00347	00347
00348	00348
00349	00349
00350	00350
00351	00351
00352	00352
00353	00353
00354	00354
00355	00355
00356	00356
00357	00357
00358	00358
00359	00359
00360	00360
00361	00361
00362	00362
00363	00363
00364	00364
00365	00365
00366	00366
00367	00367
00368	00368
00369	00369
00370	00370
00371	00371
00372	00372
00373	00373
00374	00374
00375	00375
00376	00376
00377	00377
00378	00378
00379	00379
00380	00380
00381	00381
00382	00382
00383	00383
00384	00384
00385	00385
00386	00386
00387	00387
00388	00388
00389	00389
00390	00390
00391	00391
00392	00392
00393	00393
00394	00394
00395	00395
00396	00396
00397	00397
00398	00398
00399	00399
00400	00400
00401	00401
00402	00402
00403	00403
00404	00404
00405	00405
00406	00406
00407	00407
00408	00408
00409	00409
00410	00410
00411	00411
00412	00412
00413	00413
00414	00414
00415	00415
00416	00416
00417	00417
00418	00418
00419	00419
00420	00420
00421	00421
00422	00422
00423	00423
00424	00424
00425	00425
00426	00426
00427	00427
00428	00428
00429	00429
00430	00430
00431	00431
00432	00432
00433	00433
00434	00434
00435	00435
00436	00436
00437	00437
00438	00438
00439	00439
00440	00440
00441	00441
00442	00442
00443	00443
00444	00444
00445	00445
00446	00446
00447	00447
00448	00448
00449	00449
00450	00450
00451	00451
00452	00452
00453	00453
00454	00454
00455	00455
00456	00456
00457	00457
00458	00458
00459	00459
00460	00460
00461	00461
00462	00462
00463	00463
00464	00464
00465	00465
00466	00466
00467	00467
00468	00468
00469	00469
00470	00470
00471	00471
00472	00472
00473	00473
00474	00474
00475	00475
00476	00476
00477	00477
00478	00478
00479	00479
00480	00480
00481	00481
00482	00482
00483	00483
00484	00484
00485	00485
00486	00486
00487	00487
00488	00488
00489	00489
00490	00490
00491	00491
00492	00492
00493	00493
00494	00494
00495	00495
00496	00496
00497	00497
00498	00498
00499	00499
00500	00500
00501	00501
00502	00502
00503	00503
00504	00504
00505	00505
00506	00506
00507	00507
00508	00508
00509	00509
00510	00510
00511	00511
00512	00512
00513	00513
00514	00514
00515	00515
00516	00516
00517	00517
00518	00518
00519	00519
00520	00520
00521	00521
00522	00522
00523	00523
00524	00524
00525	00525
00526	00526
00527	00527
00528	00528
00529	00529
00530	00530
00531	00531
00532	00532
00533	00533
00534	00534
00535	00535
00536	00536
00537	00537
00538	00538
00539	00539
00540	00540
00541	00541
00542	00542
00543	00543
00544	00544
00545	00545
00546	00546
00547	00547
00548	00548
00549	00549
00550	00550
00551	00551
00552	00552
00553	00553
00554	00554
00555	00555
00556	00556
00557	00557
00558	00558
00559	00559
00560	00560
00561	00561
00562	00562
00563	00563
00564	00564
00565	00565
00566	00566
00567	00567
00568	00568
00569	00569
00570	00570
00571	00571
00572	00572
00573	00573
00574	00574
00575	00575
00576	00576
00577	00577
